98620
3585.348704376314
10753.999199213098
7311.93498033105
1405.9875051002127
2864.858227627307
2187.1533226594024
1638.4663109795201
353.30746662715615
1518.3347442488052
980.119578099486
776.6928119213434
838.6834037908229
530.8981288819393
281.9421427606541
224.88976766360395
717.7366622453013
152.7769184942032
154.41111822589608
237.5806943092636
404.7618874646289
222.48116706953766
110.24679180480375
140.08135460783376
121.88520024727812
154.68884068076443
120.38086591277627
169.29671581560956
118.2971984782717
151.52551542731788
48.44306044106909
15.578227364872221
28.756086408441178
131.14544065284758
219.11602151387635
93.11143737526051
174.271176471146
174.77869771636588
82.39614653683932
104.77280586356895
16.012282855624353
102.25118332368137
89.04305469883252
49.74547990063674
46.79979193996741
55.13333219107075
67.93456511873902
137.10330079135693
40.64574106631245
35.944610152530274
87.46427842266009
92.28614348281164
77.89424357606416
46.12811736455818
77.69007555982354
48.8720683819069
21.846763315540198
45.04221840733279
27.320815750779737
12.492174271808894
40.346182670510686
51.37764966748864
48.9366589497868
43.00639190479141
41.59470218392968
25.791100542790662
28.62941712495364
39.80410045324113
63.824006953567554
33.86482222516595
44.423166911689265
46.77014972688069
37.32807308135776
51.71099615164652
30.531237377995655
36.26792755077581
32.60507288825854
38.50725472239872
36.09012834462336
44.45643743205707
26.525587604134504
24.346757501462964
37.12428696691213
32.48619736216918
38.24057585779671
47.752420244699366
25.13921422097955
37.51908231863495
38.96895549558069
32.65919213653947
28.026144271376772
26.592523513534474
28.33625945635362
19.703617360622495
24.20964094885006
30.733537599386207
36.58636403473057
17.613121527967508
38.330124097320144
20.80494195773372
30
20.804941957968918
38.33012409726128
17.613121528027786
36.58636403468537
30.73353759956848
24.209640948721635
19.703617360569478
28.336259456332527
26.592523513510063
28.02614427154131
32.65919213688099
38.968955495121286
37.5190823186312
25.139214220990564
47.75242024481465
38.24057585783699
32.48619736171544
37.124286966713306
24.34675750141029
26.525587604391312
44.45643743191675
36.090128344677666
38.507254722888966
32.60507288829269
36.26792755056599
30.531237378170683
51.71099615175007
37.3280730814802
46.770149726942506
44.42316691153472
33.86482222544843
63.8240069536838
39.80410045360038
28.629417124532683
25.791100542735798
41.594702183821255
43.00639190491339
48.936658949863265
51.377649667342254
40.34618267054224
12.492174271727876
27.320815750636207
45.04221840722196
21.846763315479553
48.87206838195049
77.69007555987469
46.1281173642593
77.89424357608782
92.28614348272734
87.46427842285793
35.94461015236727
40.64574106619299
137.10330079139501
67.93456511873983
55.13333219107159
46.79979194010615
49.74547990045519
89.04305469911517
102.25118332266368
16.012282855857837
104.77280586363939
82.39614653680472
174.77869771727143
174.27117647107465
93.11143737542888
219.1160215139465
131.14544065286594
28.756086408458792
15.578227365339954
48.44306044077258
151.52551542738007
118.29719847831629
169.29671581565347
120.38086591303251
154.68884068086493
121.88520024748433
140.08135460764416
110.24679180487237
222.4811670697566
404.7618874644191
237.58069430908898
154.41111822599518
152.77691849412778
717.7366622454048
224.88976766342682
281.9421427606078
530.8981288815264
838.6834037910048
776.69281192147
980.1195780997646
1518.3347442487063
353.3074666272321
1638.4663109797066
2187.1533226595698
2864.858227627282
1405.9875051002166
7311.934980330725
10753.999199213538
3585.3487043771056
